0.727273 0.045455 0.136364 0.090909
0.090909 0.045455 0.863636 0.000000
0.272727 0.000000 0.681818 0.045455
0.045455 0.000000 0.954545 0.000000
0.181818 0.409091 0.272727 0.136364
0.000000 1.000000 0.000000 0.000000
0.181818 0.136364 0.545455 0.136364
0.500000 0.000000 0.136364 0.363636
0.681818 0.000000 0.000000 0.318182
0.590909 0.000000 0.409091 0.000000
0.000000 0.000000 0.863636 0.136364
0.045455 0.000000 0.000000 0.954545
0.000000 0.954545 0.000000 0.045455
0.045455 0.818182 0.136364 0.000000
0.045455 0.545455 0.000000 0.409091
0.045455 0.681818 0.000000 0.272727
0.681818 0.136364 0.090909 0.090909
0.681818 0.000000 0.227273 0.090909
0.000000 0.318182 0.272727 0.409091
0.045455 0.272727 0.272727 0.409091